2075037
562974
1683911
2413373
4615962
1424356
3567794
9331164
7611458
8622078
4159597
2342803
456303
9571718
3811507
6852915
2856697
2677981
5577564
2198028
6521000
691559
1627953
3049882
3957768
3798984
3328582
6251151
8418860
6588275
1208836
5102761
7627459
8095008
9487294
9981397
5783332
8042232
8488433
1637601
6185456
5970214
5675611
2645593
9921548
5531771
2721006
6305821
8575003
4544985
6136276
7211439
6836996
9975744
3124049
9110428
9782523
8307220
4685846
8616006
7489850
1887846
9098964
9433413
3334519
3220014
9571059
2445227
9439161
4777392
8836589
7324831
4183281
371459
3153005
2995419
3519146
1923296
2349920
5044608
7586078
6033114
3453168
4898357
9798387
1340590
6847713
2588709
6164533
2671331
979045
5872585
3039600
1969439
761386
5644782
8779274
4160453
5114273
6353163
8413801
6378104
6888776
8171593
3748160
2654634
3088265
623110
5873906
9110844
4002628
195906
2592993
1657044
3364355
5423748
8046131
1684152
5960406
6217918
3011707
2040536
76030
6833129
7711739
3696599
2129928
7964057
8434332
5101062
8943941
6701494
7237493
9537520
3292554
5133282
9966553
29235
8742426
7585970
388608
6442376
9574710
9356512
8357654
3695491
1668611
8451683
500656
8302798
5163460
312902
1171610
9424876
1186448
9891846
5954812
8839706
9894562
3704926
6759219
2432503
9097677
9736735
1781982
1670579
7344530
3577856
2569265
8133474
8676009
1289586
9945590
1172721
1341340
7161167
4360324
7182127
1661060
6244818
2836940
833101
8880486
8762881
4554981
8938430
6571493
8636379
2501663
7351777
9428414
6946066
5928000
1401988
254226
5342242
313059
3514793
7259108
3304030
1255890
1012099
7317379
442195
5152047
9437135
883475
2529401
8598413
7117327
3995451
4476502
70297
16712
8305107
3371371
6344319
635598
3345082
3143381
642411
5782074
5125284
9713528
9066831
4585204
5501888
1514395
7170108
8379439
1074064
2670903
3152071
2011974
9383129
6285283
687143
1085489
7747284
65101
9215789
9206725
5453990
979082
8625886
4931075
9578531
8505925
5980719
9610204
3666123
4383463
9858633
129037
3501976
2383022
1817670
7093027
9883320
2417919
4370088
8096565
2005661
140304
1926003
7980211
4335305
785903
7881146
5914531
234307
9323688
7546763
2693515
5707423
7544993
2616296
6032621
3203615
6408772
4583401
8291970
6834106
4056497
1690196
8496006
3825717
810241
695552
7692327
1204552
2407371
5504941
746102
6593142
2149646
609856
9444235
142495
6365176
8893261
2083276
7657251
2960764
6012055
9883108
7427092
5277766
7021824
3122401
4798519
4147356
2854543
1992621
7367278
4918285
9817892
1636987
1657533
6421201
7063477
5434356
478200
5183162
5140039
7304856
7188991
5377142
6497994
6635572
7513025
784093
9045849
4343248
2377815
9898197
3041152
7386877
3240556
8823863
6298711
3066607
2034655
5762520
5775347
7659584
8474986
4572353
7183910
7965265
8859363
4225946
7283628
846587
6234936
9980549
9198995
8543724
5959945
5808551
6358097
562427
1285605
7896144
9085724
392667
8776616
9418672
4762431
1433894
8283866
639966
4509580
244650
8194435
8224262
4379597
9957709
7498827
1942938
6708997
6725397
5060189
2537394
7352509
3091374
858156
2889746
6676807
7511700
9377344
161879
1266427
9922923
2058866
829558
8427306
9988702
4521719
2743018
1937239
9728367
6432293
2612877
7645769
9036364
625337
1806821
2912977
9589496
4231444
3210686
7241983
927859
1083048
5008559
6498270
8152820
9846446
8767740
232544
6970171
2916066
5915568
8975742
3615152
3229332
8387366
7899148
9674190
5253831
3693459
5904042
9514597
3048138
8686804
9590875
6434494
3259213
3618402
7093948
7575476
7280766
3300772
50269
7757827
8210618
8011825
9271984
6133694
4219164
1121164
177249
7142596
3429147
6161014
6003574
9034323
428849
8853187
8491270
727033
8948162
9361107
5998445
6112849
5207668
781496
519516
2090038
5215285
8555352
225741
594408
1088032
1241396
8966862
9126201
4980014
3612568
8283422
4391200
2800008
6331932
3800264
1905739
5994349
2634818
7979472
5497889
9600942
7134107
9234111
4830022
4013001
8311177
9713903
940954
527050
368372
6887235
9927824
4597772
8110144
8383841
953176
9084624
745703
7705159
4359241
2865259
9197689
256315
122022
5065172
200438
5115520
1588585
547744
8055815
9034041
896738
1473313
4247204
9652551
7152883
7863226
9684998
4400635
9979413
9830469
5853068
7836081
6081967
6981145
9187332
4708397
1452427
189243
711025
6910847
1772706
7143750
2592288
5571159
1592424
3107701
4734983
2521224
8433453
4144076
7280486
5100977
1535594
199313
5595953
566161
1505122
7842578
3584245
9040035
9698970
9214866
420609
6986082
9991162
7579307
6354561
4683642
3635628
7132882
1311844
8527235
8035613
8546276
8357698
8039932
428119
3976989
7356017
3072713
5941982
5534078
146923
5413751
7964715
9106082
2260911
8789982
1889871
4139789
8267012
2233170
4665873
2093019
9438830
5242870
1946840
1488727
9296361
8534645
7091590
812145
4613988
920419
7911924
5413308
7260461
5127792
6314083
7023251
9104011
6712621
3778229
8705310
340757
4598202
7184315
5670609
1185503
7869727
7663594
875733
4446211
7394607
4154086
3388013
5004539
3625491
2614148
8081949
4149258
2295132
5413528
5404994
8382519
6939383
2650281
1076369
4875184
5319794
9187190
5537275
9083544
9306932
7198790
3870654
1826203
1283702
3260091
6132632
9476346
8830479
6570572
1214843
4386903
1193360
1333637
5953228
6278129
2230956
3950235
1185861
5728950
1616192
514084
1789348
152631
8982364
7939057
3136842
4825924
1530644
457266
7297247
7980306
8820499
8911742
6844035
3041348
9555905
9379727
9106222
5109241
8637768
676312
8282516
9306245
3819077
4412463
255178
4961355
8221430
8711878
4148549
8659300
2297163
5470158
2951011
9223552
3984325
5456274
115470
5326999
4015172
743264
2785113
2330190
9152001
9651173
3177360
6154645
1428594
3476227
6156956
5258648
1923643
8165847
4178955
9020478
841326
9419209
1018841
8588241
4142414
7138783
554513
9419613
9295519
1584595
9644725
6390992
1265576
7422971
3515044
699247
2264848
3536391
5170041
6566515
536269
9356198
5214426
2620861
3406445
6188571
95085
7281846
7689754
6272289
9120435
2252484
4193933
7748588
9950829
2284731
2124849
7849584
954102
9368045
1252549
5855540
1143361
4136161
5136736
5180800
7063491
7336011
8644038
9837161
5450435
1474171
3983386
5501805
2253884
8436100
3956451
4567019
5671981
8179855
8921551
2977245
7691694
8599080
8034024
8815602
332794
8880060
5454421
6917109
7270462
2908841
8936450
9813425
340276
1950858
8122785
8631370
3724335
1777170
7676765
4846379
3454539
2228954
1749625
7175443
2569482
8383621
8555991
9316925
8317269
9430555
4250829
7157145
9034839
5763059
7678619
9456713
6000308
9966356
4880126
820539
6870496
7602755
3177009
6967235
7760131
4962827
3577384
6848077
3229969
6944310
3984870
4865964
9841814
5057050
7199678
6710943
108439
8904333
4245567
424277
678367
4840934
1022797
2569658
9898005
3445584
9700182
2900596
572405
3769188
1660717
4671730
1411385
2571761
6161986
7995617
3483803
2846145
3264125
4202079
5897573
3504430
1088234
7268708
2959961
1992733
6841828
800836
3089625
8487759
9460051
548931
7776134
4435122
4451644
5050568
1195780
2258939
3523480
9632615
7359459
335855
3080597
6166507
1181958
8921213
7258839
7458685
6167517
9073558
4933416
8854326
1884860
8045068
1510940
1622755
2205250
9918557
2622815
1461359
5167403
4340720
5061479
6061772
5495201
3384673
5287821
2020017
8516710
6377833
9974931
3932118
3525194
789647
9668046
9811013
224866
8188576
2987581
3423763
1158744
4517071
718958
7217871
7102054
949798
1644265
1608231
9466677
7719716
7233498
3080170
6709156
532888
8782663
5186684
1389633
5068733
8302468
7272210
7512846
8766462
5448039
2627021
8779094
9511557
4885175
6126950
9970208
9106162
2559168
9570707
880642
9578243
2931344
4955458
6439622
5755815
1390624
4208077
5038774
4093519
1166798
3815825
1006220
4186052
2462984
205447
395708
7709656
3112632
1138090
4685506
5751552
9842112
3641810
9415391
5265253
5846988
9149518
2144616
7626865
692440
7610032
317874
2810107
3792958
2354630
2244660
9955730
7419432
381130
7018767
7307369
1063625
1263882
2325140
3891508
