2413373
5102761
8488433
7324831
5114273
3011707
7237493
3695491
8451683
1670579
833101
7351777
3514793
70297
3371371
65101
129037
785903
7544993
6421201
7063477
7188991
4572353
562427
4379597
161879
5008559
6112849
5497889
7134107
9713903
4359241
2865259
4708397
3107701
199313
566161
7579307
1488727
920419
7023251
340757
5004539
8820499
5109241
3819077
4136161
9837161
1474171
4846379
8383621
5763059
108439
678367
1022797
3483803
2959961
1992733
1461359
5167403
2627021
4208077
9415391
2810107
2413373
5102761
8488433
7324831
5114273
3011707
7237493
3695491
8451683
1670579
833101
7351777
3514793
70297
3371371
65101
129037
785903
7544993
6421201
7063477
7188991
4572353
562427
4379597
161879
5008559
6112849
5497889
7134107
9713903
4359241
2865259
4708397
3107701
199313
566161
7579307
1488727
920419
7023251
340757
5004539
8820499
5109241
3819077
4136161
9837161
1474171
4846379
8383621
5763059
108439
678367
1022797
3483803
2959961
1992733
1461359
5167403
2627021
4208077
9415391
2810107
2413373
5102761
8488433
7324831
5114273
3011707
7237493
3695491
8451683
1670579
833101
7351777
3514793
70297
3371371
65101
129037
785903
7544993
6421201
7063477
7188991
4572353
562427
4379597
161879
5008559
6112849
5497889
7134107
9713903
4359241
2865259
4708397
3107701
199313
566161
7579307
1488727
920419
7023251
340757
5004539
8820499
5109241
3819077
4136161
9837161
1474171
4846379
8383621
5763059
108439
678367
1022797
3483803
2959961
1992733
1461359
5167403
2627021
4208077
9415391
2810107
2413373
5102761
8488433
7324831
5114273
3011707
7237493
3695491
8451683
1670579
833101
7351777
3514793
70297
3371371
65101
129037
785903
7544993
6421201
7063477
7188991
4572353
562427
4379597
161879
5008559
6112849
5497889
7134107
9713903
4359241
2865259
4708397
3107701
199313
566161
7579307
1488727
920419
7023251
340757
5004539
8820499
5109241
3819077
4136161
9837161
1474171
4846379
8383621
5763059
108439
678367
1022797
3483803
2959961
1992733
1461359
5167403
2627021
4208077
9415391
2810107
2413373
5102761
8488433
7324831
5114273
3011707
7237493
3695491
8451683
1670579
833101
7351777
3514793
70297
3371371
65101
129037
785903
7544993
6421201
7063477
7188991
4572353
562427
4379597
161879
5008559
6112849
5497889
7134107
9713903
4359241
2865259
4708397
3107701
199313
566161
7579307
1488727
920419
7023251
340757
5004539
8820499
5109241
3819077
4136161
9837161
1474171
4846379
8383621
5763059
108439
678367
1022797
3483803
2959961
1992733
1461359
5167403
2627021
4208077
9415391
2810107
2413373
5102761
8488433
7324831
5114273
3011707
7237493
3695491
8451683
1670579
833101
7351777
3514793
70297
3371371
65101
129037
785903
7544993
6421201
7063477
7188991
4572353
562427
4379597
161879
5008559
6112849
5497889
7134107
9713903
4359241
2865259
4708397
3107701
199313
566161
7579307
1488727
920419
7023251
340757
5004539
8820499
5109241
3819077
4136161
9837161
1474171
4846379
8383621
5763059
108439
678367
1022797
3483803
2959961
1992733
1461359
5167403
2627021
4208077
9415391
2810107
2413373
5102761
8488433
7324831
5114273
3011707
7237493
3695491
8451683
1670579
833101
7351777
3514793
70297
3371371
65101
129037
785903
7544993
6421201
7063477
7188991
4572353
562427
4379597
161879
5008559
6112849
5497889
7134107
9713903
4359241
2865259
4708397
3107701
199313
566161
7579307
1488727
920419
7023251
340757
5004539
8820499
5109241
3819077
4136161
9837161
1474171
4846379
8383621
5763059
108439
678367
1022797
3483803
2959961
1992733
1461359
5167403
2627021
4208077
9415391
2810107
2413373
5102761
8488433
7324831
5114273
3011707
7237493
3695491
8451683
1670579
833101
7351777
3514793
70297
3371371
65101
129037
785903
7544993
6421201
7063477
7188991
4572353
562427
4379597
161879
5008559
6112849
5497889
7134107
9713903
4359241
2865259
4708397
3107701
199313
566161
7579307
1488727
920419
7023251
340757
5004539
8820499
5109241
3819077
4136161
9837161
1474171
4846379
8383621
5763059
108439
678367
1022797
3483803
2959961
1992733
1461359
5167403
2627021
4208077
9415391
2810107
